6
3
3
3
11
5
4
3
7
3
5
3
8
4
4
3
3
5
4
9
4
7
4
4
3
5
5
5
3
3
3
3
95
21
10
3
4
4
3
3
6
3
9
4
3
4
3
3
3
3
6
3
5
3
21
4
4
14
27
3
6
3
4
3
3
3
6
3
3
4
4
3
3
3
3
7
15
3
3
4
3
3
3
5
4
3
5
12
11
5
3
3
3
4
3
11
3
6
3
3
7
3
4
5
3
5
3
3
3
3
3
3
7
3
3
16
4
35
3
3
3
3
3
3
4
3
3
3
3
9
6
3
3
3
3
5
17
7
7
3
3
3
3
6
9
3
3
3
3
6
3
17
3
3
3
7
3
3
3
6
6
18
8
4
3
10
9
5
3
3
3
5
3
3
3
3
31
7
10
4
5
3
7
4
35
5
3
4
7
3
7
3
6
16
5
6
3
3
4
8
4
5
3
4
4
6
3
3
9
3
4
4
3
3
3
3
5
3
5
5
3
4
4
25
5
4
5
5
4
3
3
4
5
5
6
4
4
4
3
9
3
10
5
5
3
3
11
3
3
4
14
3
4
3
3
3
4
3
7
5
5
20
6
4
3
5
3
3
7
5
3
6
3
4
3
3
14
4
3
11
5
5
11
4
18
3
3
3
3
9
5
11
4
3
3
4
29
4
3
3
6
5
3
6
