1003107003693137921 1060440219097423872
1003107003693137921 1060440219097423872
1003107003693137921 1921951394
1003107003693137921 1921951394
1003107003693137921 1921951394
1003107003693137921 1921951394
1005846500583321601 1308267623327518725
1005846500583321601 1308267623327518725
1005846500583321601 1308267623327518725
1020602380096696320 578601744
1020602380096696320 578601744
1020602380096696320 578601744
1029041185808109568 614600545
1029041185808109568 614600545
1029041185808109568 614600545
1046608631968538624 578601744
1046608631968538624 578601744
1046608631968538624 578601744
1046608631968538624 578601744
1046608631968538624 578601744
1046608631968538624 578601744
1046608631968538624 578601744
1046608631968538624 578601744
1046608631968538624 578601744
1046608631968538624 578601744
1046608631968538624 578601744
105433445 302984766
105433445 302984766
105433445 302984766
105433445 302984766
105433445 302984766
1060751816 302984766
1060751816 302984766
1060751816 302984766
1060751816 302984766
1066773270773547008 838381908656603144
1066773270773547008 838381908656603144
1066773270773547008 838381908656603144
1074480192 1154228711731990528
1074480192 1154228711731990528
1074480192 41186732
1074480192 41186732
1074480192 41186732
1074480192 41186732
1074480192 41186732
1077214808 2530758806
1077214808 2530758806
1077214808 2530758806
1080844782 1921951394
1080844782 1921951394
1080844782 1921951394
1080844782 1921951394
1080844782 426361581
1094713876132872192 1263391922657337345
1094713876132872192 1263391922657337345
1094713876132872192 1263391922657337345
1096205507348623360 302984766
1096205507348623360 302984766
1096205507348623360 302984766
1096205507348623360 302984766
1096205507348623360 302984766
1096205507348623360 302984766
1096205507348623360 804582780298412032
1096205507348623360 804582780298412032
1104524508709441536 1387010761994682371
1104524508709441536 1387010761994682371
1104524508709441536 1387010761994682371
1104524508709441536 1387010761994682371
1108565574 1031000589054828544
1108565574 2574271742
1108565574 2574271742
1108565574 2574271742
1109045045649424386 1060440219097423872
1109045045649424386 1060440219097423872
1109045045649424386 1060440219097423872
11134252 1308267623327518725
11134252 139109800
11134252 41186732
1113747629282930688 578601744
1113747629282930688 578601744
1113747629282930688 578601744
1113747629282930688 578601744
1113747629282930688 578601744
1120633726478823425 1308267623327518725
1120633726478823425 1308267623327518725
1120633726478823425 832019161454817280
1120633726478823425 967871677399994368
113165445 804582780298412032
113165445 804582780298412032
113165445 804582780298412032
113165445 804582780298412032
113165445 804582780298412032
113165445 804582780298412032
113165445 804582780298412032
113165445 804582780298412032
113165445 804582780298412032
1136667717317091328 29447428
1136667717317091328 29447428
1136667717317091328 29447428
1136667717317091328 29447428
1137827292 29447428
1137827292 29447428
1137827292 29447428
1137827292 29447428
1137827292 29447428
1137827292 29447428
1137827292 29447428
1155845777039810560 578601744
1155845777039810560 578601744
1155845777039810560 578601744
1155845777039810560 578601744
117122035 302984766
117122035 804582780298412032
117122035 804582780298412032
117122035 804582780298412032
1176522535531360257 41186732
1176522535531360257 41186732
1176522535531360257 41186732
1177718582 302984766
1177718582 302984766
1177718582 302984766
1177718582 302984766
1177718582 302984766
118166719 118166719
118166719 118166719
118166719 118166719
118166719 1475643712596168706
118166719 832019161454817280
1201670995435646976 156688202
1201670995435646976 156688202
1201670995435646976 41186732
1201670995435646976 41186732
1201670995435646976 41186732
1201944151 302984766
1201944151 302984766
1201944151 302984766
1201953403099893760 41186732
1201953403099893760 41186732
1201953403099893760 41186732
1221462414744596483 1921951394
1221462414744596483 1921951394
1221462414744596483 940778288871542786
122640580 302984766
122640580 302984766
122640580 302984766
1229752606714728454 1229752606714728454
1229752606714728454 1229752606714728454
1229752606714728454 1229752606714728454
1229752606714728454 1229752606714728454
1229752606714728454 1229752606714728454
1229752606714728454 1229752606714728454
1229752606714728454 1229752606714728454
1229752606714728454 1229752606714728454
1229752606714728454 1229752606714728454
1229752606714728454 1229752606714728454
1229752606714728454 1229752606714728454
1229752606714728454 1229752606714728454
1229752606714728454 1229752606714728454
1229752606714728454 1229752606714728454
1229752606714728454 1229752606714728454
1229752606714728454 1229752606714728454
1229752606714728454 1229752606714728454
1229752606714728454 1229752606714728454
1229752606714728454 1229752606714728454
1229752606714728454 1229752606714728454
1229752606714728454 1229752606714728454
1229752606714728454 1229752606714728454
1229752606714728454 1229752606714728454
1229752606714728454 1229752606714728454
1229752606714728454 1229752606714728454
1229752606714728454 1229752606714728454
1229752606714728454 1229752606714728454
1229752606714728454 1229752606714728454
1229752606714728454 1229752606714728454
1229752606714728454 1229752606714728454
1229752606714728454 1229752606714728454
1229752606714728454 1229752606714728454
1229752606714728454 1229752606714728454
1229752606714728454 1229752606714728454
1229752606714728454 1229752606714728454
1229752606714728454 1229752606714728454
1229752606714728454 1229752606714728454
1229752606714728454 1229752606714728454
1229752606714728454 1229752606714728454
1229752606714728454 1229752606714728454
1229752606714728454 1229752606714728454
1229752606714728454 1229752606714728454
1229752606714728454 1229752606714728454
1229752606714728454 1229752606714728454
1229752606714728454 1229752606714728454
1229752606714728454 1229752606714728454
1229752606714728454 1229752606714728454
1229752606714728454 1229752606714728454
1229752606714728454 1229752606714728454
1229752606714728454 1229752606714728454
1229752606714728454 1229752606714728454
1229752606714728454 1229752606714728454
1229752606714728454 1229752606714728454
1229752606714728454 1229752606714728454
1229752606714728454 1229752606714728454
1229752606714728454 1229752606714728454
1229752606714728454 1229752606714728454
1229752606714728454 1229752606714728454
1229752606714728454 1229752606714728454
1229752606714728454 1229752606714728454
1229752606714728454 1229752606714728454
1229752606714728454 1229752606714728454
1229752606714728454 1229752606714728454
1229752606714728454 1229752606714728454
1229752606714728454 1229752606714728454
1229752606714728454 1229752606714728454
1229752606714728454 1229752606714728454
1229752606714728454 1229752606714728454
1229752606714728454 1229752606714728454
1229752606714728454 1229752606714728454
1229752606714728454 1229752606714728454
1229752606714728454 1229752606714728454
1229752606714728454 1229752606714728454
1229752606714728454 1229752606714728454
1229752606714728454 1229752606714728454
1229752606714728454 1229752606714728454
1229752606714728454 1229752606714728454
1229752606714728454 1229752606714728454
1229752606714728454 1229752606714728454
1229752606714728454 1229752606714728454
1229752606714728454 1229752606714728454
1229752606714728454 1229752606714728454
1229752606714728454 1229752606714728454
1229752606714728454 1229752606714728454
1229752606714728454 1229752606714728454
1229752606714728454 1229752606714728454
1229752606714728454 1229752606714728454
1229752606714728454 1229752606714728454
1229752606714728454 1229752606714728454
1229752606714728454 1229752606714728454
1229752606714728454 1229752606714728454
1229752606714728454 1229752606714728454
1229752606714728454 1229752606714728454
1229752606714728454 1229752606714728454
1229752606714728454 1229752606714728454
1236324668640047105 302984766
1236324668640047105 302984766
1236324668640047105 302984766
1236324668640047105 302984766
1236324668640047105 302984766
1236324668640047105 302984766
1236324668640047105 302984766
1236324668640047105 302984766
1236324668640047105 302984766
1236324668640047105 302984766
1236324668640047105 302984766
1236324668640047105 302984766
1236324668640047105 302984766
1236324668640047105 302984766
1236324668640047105 302984766
1236324668640047105 302984766
1236324668640047105 302984766
1236324668640047105 302984766
1236324668640047105 302984766
1236324668640047105 302984766
1236324668640047105 302984766
1236816024281976833 302984766
1236816024281976833 302984766
1236816024281976833 302984766
1236816024281976833 302984766
1236816024281976833 302984766
1236816024281976833 302984766
1236816024281976833 302984766
1236816024281976833 302984766
1236816024281976833 302984766
1236816024281976833 302984766
1237314642583658496 578601744
1237314642583658496 578601744
1237314642583658496 832019161454817280
1238370241169616897 2574271742
1238370241169616897 2574271742
1238370241169616897 2574271742
1238370241169616897 3453306553
1241938664 804582780298412032
1241938664 804582780298412032
1241938664 804582780298412032
1241938664 804582780298412032
1255393579507351554 578601744
1255393579507351554 804582780298412032
1255393579507351554 804582780298412032
1259851956 41186732
1259851956 41186732
1259851956 41186732
1260792878420291584 804582780298412032
1260792878420291584 804582780298412032
1260792878420291584 804582780298412032
1260792878420291584 804582780298412032
1260792878420291584 804582780298412032
1260792878420291584 804582780298412032
1271162030393896968 1060440219097423872
1271162030393896968 1263391922657337345
1271162030393896968 1263391922657337345
1275209472 302984766
1275209472 302984766
1275209472 302984766
1275209472 302984766
1275209472 302984766
1275209472 302984766
1275209472 302984766
1275209472 302984766
1275209472 302984766
1278236816936710144 29447428
1278236816936710144 29447428
1278236816936710144 29447428
1278236816936710144 29447428
1280478731874848769 1060440219097423872
1280478731874848769 614600545
1280478731874848769 940778288871542786
1298372735383605249 1263391922657337345
1298372735383605249 1417952253449842692
1298372735383605249 426361581
1298372735383605249 940778288871542786
130120037 199452338
130120037 199452338
130120037 199452338
1305817131234267136 199452338
1305817131234267136 199452338
1305817131234267136 199452338
1307027256133345280 804582780298412032
1307027256133345280 804582780298412032
1307027256133345280 804582780298412032
1341091420439015424 41186732
1341091420439015424 41186732
1341091420439015424 41186732
1344356576786866176 1308267623327518725
1344356576786866176 156688202
1344356576786866176 41186732
1344356576786866176 41186732
1344356576786866176 41186732
1344356576786866176 41186732
1349087304233541633 804582780298412032
1349087304233541633 804582780298412032
1349087304233541633 804582780298412032
1349149096909668363 1263391922657337345
1349149096909668363 1263391922657337345
1349149096909668363 1417952253449842692
1349149096909668363 45379403
1349149096909668363 940778288871542786
1349418249172234241 1060440219097423872
1349418249172234241 1263391922657337345
1349418249172234241 1263391922657337345
1373739644 1373739644
1373739644 1373739644
1373739644 1373739644
1373739644 1373739644
1373739644 1373739644
1373739644 1373739644
1373739644 1373739644
1373739644 1373739644
1373739644 1373739644
1373739644 1373739644
1373739644 1373739644
1373739644 1373739644
1373739644 1373739644
1373739644 1373739644
1373739644 1373739644
1373739644 1373739644
1373739644 1373739644
1373739644 1373739644
1373739644 1373739644
1373739644 1373739644
1373739644 1373739644
1375592430624518156 578601744
1375592430624518156 578601744
1375592430624518156 578601744
1375592430624518156 578601744
138168339 1060440219097423872
138168339 838381908656603144
138168339 838381908656603144
138168339 940778288871542786
1384053916690571264 199452338
1384053916690571264 199452338
1384053916690571264 199452338
1384053916690571264 199452338
1384053916690571264 199452338
1384053916690571264 199452338
1384053916690571264 199452338
1384053916690571264 199452338
1384053916690571264 199452338
1384053916690571264 199452338
1384053916690571264 199452338
1384053916690571264 199452338
1384053916690571264 199452338
1384053916690571264 199452338
1387010761994682371 1387010761994682371
1387010761994682371 1387010761994682371
1387010761994682371 1387010761994682371
1387010761994682371 1387010761994682371
1387010761994682371 1387010761994682371
1387010761994682371 1387010761994682371
1387010761994682371 1387010761994682371
1387010761994682371 1387010761994682371
1387010761994682371 1387010761994682371
1387010761994682371 1387010761994682371
1387010761994682371 1387010761994682371
1387010761994682371 1387010761994682371
1387010761994682371 1387010761994682371
1387010761994682371 1387010761994682371
1387010761994682371 1387010761994682371
1387010761994682371 1387010761994682371
1387010761994682371 1387010761994682371
1387010761994682371 1387010761994682371
1387010761994682371 1387010761994682371
1387010761994682371 1387010761994682371
1387010761994682371 1387010761994682371
1387010761994682371 1387010761994682371
1387010761994682371 1387010761994682371
1387010761994682371 1387010761994682371
1387010761994682371 1387010761994682371
1387010761994682371 1387010761994682371
1387010761994682371 1387010761994682371
1387802155810271239 1387010761994682371
1387802155810271239 1387010761994682371
1387802155810271239 1387010761994682371
1391884924173627395 1263391922657337345
1391884924173627395 1263391922657337345
1391884924173627395 1263391922657337345
1391884924173627395 1263391922657337345
1391884924173627395 1263391922657337345
1391884924173627395 1263391922657337345
139328853 2574271742
139328853 3453306553
139328853 3453306553
1393936924830732288 804582780298412032
1393936924830732288 804582780298412032
1393936924830732288 804582780298412032
1393936924830732288 804582780298412032
1415344770130587649 199452338
1415344770130587649 199452338
1415344770130587649 199452338
1424033022 1060440219097423872
1424033022 1263391922657337345
1424033022 1263391922657337345
14247236 1060440219097423872
14247236 302984766
14247236 940778288871542786
14260960 302984766
14260960 832019161454817280
14260960 832019161454817280
14260960 832019161454817280
14260960 832019161454817280
14260960 832019161454817280
14298769 1263391922657337345
14298769 1263391922657337345
14298769 940778288871542786
14328072 2530758806
14328072 2530758806
14328072 2530758806
14344823 1353306974939738113
14344823 41186732
14344823 41186732
14344823 41186732
14362766 302984766
14362766 302984766
14362766 302984766
14362766 302984766
1442256078259974154 302984766
1442256078259974154 302984766
1442256078259974154 302984766
1443759943 578601744
1443759943 578601744
1443759943 578601744
1449377648229195779 302984766
1449377648229195779 302984766
1449377648229195779 302984766
1456416915065352197 578601744
1456416915065352197 578601744
1456416915065352197 578601744
1462548977367359490 1060440219097423872
1462548977367359490 1263391922657337345
1462548977367359490 1263391922657337345
1462548977367359490 578601744
1462548977367359490 77726331
1462548977367359490 870244616003403781
1462548977367359490 967871677399994368
1475643712596168706 1475643712596168706
1475643712596168706 1475643712596168706
1475643712596168706 1475643712596168706
1475643712596168706 1475643712596168706
1475643712596168706 1475643712596168706
1475643712596168706 1475643712596168706
1475643712596168706 1475643712596168706
1475643712596168706 1475643712596168706
1475643712596168706 1475643712596168706
1475643712596168706 1475643712596168706
1475643712596168706 1475643712596168706
1475643712596168706 1475643712596168706
1475643712596168706 1475643712596168706
1475643712596168706 1475643712596168706
1475643712596168706 1475643712596168706
1481658762221993984 1387010761994682371
1481658762221993984 1387010761994682371
1481658762221993984 1387010761994682371
1483959660185067526 199452338
1483959660185067526 199452338
1483959660185067526 199452338
1488966025257312262 1387010761994682371
1488966025257312262 1387010761994682371
1488966025257312262 1387010761994682371
1488966025257312262 1387010761994682371
1491238215256141825 578601744
1491238215256141825 578601744
1491238215256141825 578601744
1498289437624647686 578601744
1498289437624647686 578601744
1498289437624647686 578601744
1503925343434215425 2574271742
1503925343434215425 2574271742
1503925343434215425 3453306553
151606599 302984766
151606599 302984766
151606599 302984766
151606599 302984766
151606599 302984766
15207668 41186732
15207668 41186732
15207668 41186732
15207668 41186732
152656121 199452338
152656121 199452338
152656121 199452338
153517357 1387010761994682371
153517357 578601744
153517357 578601744
153517357 578601744
153517357 578601744
155930120 302984766
155930120 302984766
155930120 302984766
155930120 302984766
155930120 302984766
155930120 302984766
155930120 302984766
155930120 302984766
155930120 302984766
155930120 302984766
155930120 302984766
155930120 804582780298412032
1573800344 3453306553
1573800344 3453306553
1573800344 3453306553
1573800344 3453306553
1573800344 3453306553
1573800344 3453306553
1573800344 3453306553
1573800344 3453306553
1573800344 3453306553
1573800344 3453306553
1573800344 3453306553
15801906 1263391922657337345
15801906 1263391922657337345
15801906 1263391922657337345
15801906 1417952253449842692
15801906 18218403
159021888 3453306553
159021888 3453306553
159021888 3453306553
1598709350 1387010761994682371
1598709350 1387010761994682371
1598709350 1387010761994682371
16041234 1263391922657337345
16041234 1263391922657337345
16041234 838381908656603144
16106584 1387010761994682371
16106584 1387010761994682371
16106584 1387010761994682371
16106584 1387010761994682371
1640929196 1060440219097423872
1640929196 1263391922657337345
1640929196 1263391922657337345
1652541 1099522514366001152
1652541 1387010761994682371
1652541 1417952253449842692
1652541 1417952253449842692
1652541 1417952253449842692
1652541 1417952253449842692
1652541 1417952253449842692
1652541 302984766
1652541 302984766
1652541 348764745
1652541 348764745
16635277 1263391922657337345
16635277 1263391922657337345
16635277 59028892
16799453 578601744
16799453 578601744
16799453 578601744
16799453 578601744
16799453 578601744
16799453 578601744
168261424 199452338
168261424 199452338
168261424 199452338
17204460 302984766
17204460 302984766
17204460 302984766
17477864 1921951394
17477864 1921951394
17477864 981436419087523840
17477864 981436419087523840
17477864 981436419087523840
17477864 981436419087523840
17477864 981436419087523840
175694557 578601744
175694557 578601744
175694557 578601744
178711456 614600545
178711456 614600545
178711456 614600545
178711456 614600545
179313631 938494109844729856
179313631 938494109844729856
179313631 938494109844729856
179313631 938494109844729856
179313631 938494109844729856
180887271 302984766
180887271 804582780298412032
180887271 804582780298412032
18166778 156688202
18166778 41186732
18166778 41186732
18166778 41186732
18166778 41186732
18178850 302984766
18178850 804582780298412032
18178850 804582780298412032
182474563 29447428
182474563 29447428
182474563 29447428
18440301 804582780298412032
18440301 804582780298412032
18440301 804582780298412032
1891490382 1387010761994682371
1891490382 870244616003403781
1891490382 870244616003403781
189340096 804582780298412032
189340096 804582780298412032
189340096 832019161454817280
1903372854 1387010761994682371
1903372854 1387010761994682371
1903372854 1387010761994682371
1917731 1353306974939738113
1917731 1417952253449842692
1917731 1417952253449842692
1917731 1417952253449842692
1917731 1417952253449842692
1917731 41186732
1917731 940778288871542786
19536434 578601744
19536434 967871677399994368
19536434 967871677399994368
1957610664 1417952253449842692
1957610664 578601744
1957610664 578601744
19604599 804582780298412032
19604599 804582780298412032
19604599 804582780298412032
19604599 804582780298412032
19604599 804582780298412032
19604599 804582780298412032
19604599 804582780298412032
19604599 804582780298412032
19604599 804582780298412032
19604599 804582780298412032
19604599 804582780298412032
19604599 804582780298412032
19604599 804582780298412032
19604599 804582780298412032
19604599 804582780298412032
19604599 804582780298412032
19678937 302984766
19678937 302984766
19678937 302984766
19678937 302984766
19739126 1921951394
19739126 1921951394
19739126 1921951394
19739126 1921951394
19739126 1921951394
19739126 1921951394
19739126 1921951394
19739126 1921951394
19739126 1921951394
19739126 1921951394
19739126 1921951394
19739126 1921951394
19739126 1921951394
19739126 1921951394
19739126 1921951394
19739126 1921951394
19739126 1921951394
19739126 1921951394
19739126 1921951394
19739126 1921951394
19739126 1921951394
19739126 1921951394
19739126 1921951394
19739126 1921951394
19739126 1921951394
19739126 41186732
19739126 41186732
19739126 41186732
19739126 41186732
19739126 41186732
19739126 41186732
19739126 41186732
19739126 41186732
19739126 41186732
19739126 426361581
198296897 3453306553
198296897 3453306553
198296897 3453306553
19899980 578601744
19899980 578601744
19899980 578601744
19980499 302984766
19980499 302984766
19980499 348764745
20052899 199452338
20052899 578601744
20052899 711608180535640064
20172153 1387010761994682371
20172153 1387010761994682371
20172153 1387010761994682371
20280088 838381908656603144
20280088 838381908656603144
20280088 838381908656603144
20751145 804582780298412032
20751145 804582780298412032
20751145 804582780298412032
20751145 804582780298412032
20995648 199452338
20995648 29447428
20995648 29447428
212445456 1417952253449842692
212445456 302984766
212445456 838381908656603144
21365372 302984766
21365372 302984766
21365372 302984766
214492262 302984766
214492262 302984766
214492262 302984766
21525682 118166719
21525682 118166719
21525682 832019161454817280
21525682 832019161454817280
21525682 832019161454817280
21525682 832019161454817280
21525682 832019161454817280
21525682 832019161454817280
21525682 832019161454817280
2153626892 1263391922657337345
2153626892 1263391922657337345
2153626892 1263391922657337345
2153626892 1263391922657337345
2153626892 1263391922657337345
2153626892 1263391922657337345
2209106522 1387010761994682371
2209106522 1387010761994682371
2209106522 1387010761994682371
22189368 199452338
22189368 199452338
22189368 199452338
22277113 29447428
22277113 29447428
22277113 29447428
2234760798 1263391922657337345
2234760798 1263391922657337345
2234760798 832019161454817280
2245797112 302984766
2245797112 302984766
2245797112 302984766
2245797112 302984766
2245797112 302984766
2245822809 302984766
2245822809 302984766
2245822809 302984766
2245822809 302984766
2245822809 302984766
2245822809 302984766
2245822809 302984766
2245822809 302984766
2245822809 302984766
2245822809 302984766
2245822809 302984766
2245822809 302984766
2245822809 302984766
2245822809 302984766
2245822809 302984766
2245822809 302984766
2245822809 302984766
225779417 3453306553
225779417 3453306553
225779417 3453306553
225779417 3453306553
225779417 3453306553
225779417 3453306553
225779417 3453306553
2264401871 938494109844729856
2264401871 938494109844729856
2264401871 938494109844729856
2264401871 938494109844729856
2264401871 938494109844729856
2264401871 938494109844729856
2264401871 938494109844729856
22693817 578601744
22693817 578601744
22693817 578601744
22956018 302984766
22956018 302984766
22956018 302984766
2316383071 804582780298412032
2316383071 804582780298412032
2316383071 940778288871542786
2332818674 2574271742
2332818674 2574271742
2332818674 3453306553
2352629311 41186732
2352629311 41186732
2352629311 41186732
2352629311 41186732
2352629311 41186732
2352629311 41186732
237176284 804582780298412032
237176284 804582780298412032
237176284 804582780298412032
237176284 804582780298412032
237176284 804582780298412032
237176284 804582780298412032
237176284 804582780298412032
237176284 804582780298412032
237176284 804582780298412032
24127811 578601744
24127811 578601744
24127811 578601744
242827267 302984766
242827267 302984766
242827267 832019161454817280
245789728 1387010761994682371
245789728 29447428
245789728 29447428
2467791 3264938916
2467791 348764745
2467791 838381908656603144
24931027 1308267623327518725
24931027 1308267623327518725
24931027 1308267623327518725
24931027 1308267623327518725
24931027 1308267623327518725
24931027 1308267623327518725
25268540 348764745
25268540 348764745
25268540 348764745
2530758806 2530758806
2530758806 2530758806
2530758806 2530758806
2530758806 2530758806
2530758806 2530758806
2530758806 2530758806
2530758806 2530758806
2530758806 2530758806
2530758806 2530758806
2530758806 2530758806
2530758806 2530758806
2530758806 2530758806
2530758806 2530758806
2530758806 2530758806
2530758806 2530758806
2530758806 2530758806
2530758806 2530758806
2553418813 804582780298412032
2553418813 804582780298412032
2553418813 832019161454817280
255369151 3453306553
255369151 3453306553
255369151 3453306553
255471924 578601744
255471924 578601744
255471924 578601744
255812611 1060440219097423872
255812611 1060440219097423872
255812611 1060440219097423872
255812611 1060440219097423872
255812611 1060440219097423872
255812611 1060440219097423872
255812611 1060440219097423872
2561429863 302984766
2561429863 302984766
2561429863 302984766
2574271742 2574271742
2574271742 2574271742
2574271742 3453306553
2583166945 302984766
2583166945 302984766
2583166945 302984766
2598999181 1263391922657337345
2598999181 1263391922657337345
2598999181 1263391922657337345
2598999181 1263391922657337345
2598999181 1263391922657337345
2598999181 1263391922657337345
262219168 1028022611324747776
262219168 1028022611324747776
262219168 1263391922657337345
262219168 1308267623327518725
262219168 18218403
262219168 870244616003403781
26347394 302984766
26347394 302984766
26347394 302984766
26347394 302984766
26347394 302984766
26347394 302984766
26347394 302984766
26347394 302984766
26347394 302984766
26347394 302984766
26347394 302984766
26347394 302984766
26347394 302984766
26347394 302984766
26347394 302984766
26347394 302984766
26347394 302984766
26347394 302984766
26562883 614600545
26562883 614600545
26562883 614600545
26562883 614600545
26562883 614600545
26562883 614600545
26562883 614600545
26562883 614600545
26637348 156688202
26637348 578601744
26637348 578601744
26637348 578601744
27086850 199452338
27086850 199452338
27086850 199452338
27493883 1060440219097423872
27493883 1060440219097423872
27493883 1060440219097423872
27493883 1060440219097423872
27493883 1263391922657337345
27493883 1263391922657337345
27493883 1263391922657337345
27493883 139109800
27493883 302984766
27493883 832019161454817280
2800843867 302984766
2800843867 302984766
2800843867 302984766
2800843867 302984766
2800843867 302984766
2800843867 302984766
2800843867 302984766
2800843867 302984766
2800843867 302984766
2809959174 302984766
2809959174 302984766
2809959174 302984766
2809959174 302984766
2809959174 302984766
282711900 29447428
282711900 29447428
282711900 29447428
2876041031 1060440219097423872
2876041031 1060440219097423872
2876041031 1263391922657337345
28785486 1417952253449842692
28785486 302984766
28785486 832019161454817280
2904241896 578601744
2904241896 578601744
2904241896 578601744
2904241896 578601744
2904241896 578601744
2924933104 578601744
2924933104 578601744
2924933104 578601744
2926204339 3453306553
2926204339 3453306553
2926204339 3453306553
29270273 804582780298412032
29270273 804582780298412032
29270273 804582780298412032
292891307 29447428
292891307 29447428
292891307 29447428
29447428 29447428
29447428 29447428
29447428 29447428
29447428 29447428
29447428 29447428
29447428 29447428
29447428 29447428
29447428 29447428
29447428 29447428
29447428 29447428
29447428 29447428
29447428 29447428
29447428 29447428
29447428 29447428
29447428 29447428
29447428 29447428
29447428 29447428
29447428 29447428
29447428 29447428
29447428 29447428
29447428 29447428
29447428 29447428
29447428 29447428
29447428 29447428
29447428 29447428
29447428 29447428
29447428 29447428
29447428 29447428
29447428 29447428
29447428 29447428
29447428 29447428
29459695 199452338
29459695 199452338
29459695 199452338
29459695 199452338
29459695 199452338
29459695 199452338
29459695 199452338
2962813893 41186732
2962813893 41186732
2962813893 41186732
2962813893 41186732
2962813893 41186732
2962813893 41186732
2962813893 41186732
2962813893 41186732
2962813893 41186732
2962813893 41186732
2975091705 41186732
2975091705 41186732
2975091705 41186732
2975091705 41186732
2987245137 1387010761994682371
2987245137 1387010761994682371
2987245137 1387010761994682371
2987245137 1387010761994682371
2987245137 1387010761994682371
300236092 938494109844729856
300236092 938494109844729856
300236092 938494109844729856
302984766 302984766
302984766 302984766
302984766 302984766
302984766 302984766
302984766 302984766
302984766 302984766
302984766 302984766
306832085 578601744
306832085 578601744
306832085 578601744
306832085 578601744
308045021 308045021
308045021 308045021
308045021 308045021
308045021 308045021
308045021 308045021
308045021 308045021
308045021 308045021
308045021 308045021
308045021 308045021
308045021 308045021
308045021 308045021
308045021 308045021
308045021 308045021
308045021 308045021
308045021 308045021
308045021 308045021
308045021 308045021
308045021 308045021
308045021 308045021
308045021 308045021
308045021 308045021
308045021 308045021
308045021 308045021
308045021 308045021
308045021 308045021
308045021 308045021
308045021 308045021
308045021 308045021
308045021 308045021
308045021 308045021
308045021 308045021
308045021 308045021
308045021 308045021
308045021 308045021
308045021 308045021
31194003 1492690652529889282
31194003 1492690652529889282
31194003 1492690652529889282
31194003 1492690652529889282
31194003 1492690652529889282
3140730672 3453306553
3140730672 3453306553
3140730672 3453306553
315779591 1308267623327518725
315779591 1308267623327518725
315779591 578601744
315779591 578601744
324703658 838381908656603144
324703658 838381908656603144
324703658 838381908656603144
324703658 838381908656603144
324703658 838381908656603144
324703658 838381908656603144
324703658 838381908656603144
3249260534 804582780298412032
3249260534 804582780298412032
3249260534 804582780298412032
3300678755 578601744
3300678755 578601744
3300678755 578601744
3300678755 578601744
3300678755 578601744
3300678755 578601744
3300678755 578601744
3348628540 578601744
3348628540 578601744
3348628540 578601744
343713611 1263391922657337345
343713611 1263391922657337345
343713611 1263391922657337345
343713611 1263391922657337345
343713611 1263391922657337345
343713611 1263391922657337345
351120282 1387010761994682371
351120282 1387010761994682371
351120282 1387010761994682371
351120282 1387010761994682371
351120282 1387010761994682371
351120282 1387010761994682371
351120282 1387010761994682371
351120282 1387010761994682371
351120282 1387010761994682371
351120282 1387010761994682371
351120282 1387010761994682371
351120282 1387010761994682371
351120282 1387010761994682371
351120282 1387010761994682371
351120282 1387010761994682371
351120282 1387010761994682371
355422278 578601744
355422278 578601744
355422278 578601744
355422278 578601744
355422278 578601744
36134224 614600545
36134224 614600545
36134224 614600545
36134224 614600545
36134224 614600545
36134224 614600545
36372343 302984766
36372343 804582780298412032
36372343 804582780298412032
368240745 1387010761994682371
368240745 1387010761994682371
368240745 199452338
381685461 302984766
381685461 302984766
381685461 302984766
381685461 302984766
3832 804582780298412032
3832 804582780298412032
3832 804582780298412032
3832 804582780298412032
3832 804582780298412032
3832 804582780298412032
3832 804582780298412032
3832 832019161454817280
3866705320 199452338
3866705320 199452338
3866705320 199452338
3866705320 199452338
39002335 804582780298412032
39002335 804582780298412032
39002335 804582780298412032
39002335 804582780298412032
39002335 804582780298412032
39344374 156688202
39344374 1921951394
39344374 1921951394
39508140 39508140
39508140 39508140
39508140 39508140
39508140 39508140
4091551984 1921951394
4091551984 1921951394
4091551984 1921951394
4091551984 838381908656603144
409657315 302984766
409657315 302984766
409657315 302984766
409657315 302984766
409657315 302984766
409657315 302984766
41438148 938494109844729856
41438148 938494109844729856
41438148 938494109844729856
416950760 3453306553
416950760 3453306553
416950760 3453306553
420617857 614600545
420617857 614600545
420617857 614600545
420617857 614600545
420617857 614600545
420617857 614600545
420617857 614600545
420617857 614600545
420617857 614600545
424144191 1387010761994682371
424144191 1387010761994682371
424144191 1387010761994682371
43277776 614600545
43277776 614600545
43277776 614600545
43277776 614600545
44196397 1387010761994682371
44196397 614600545
44196397 832019161454817280
44196397 832019161454817280
45342709 1387010761994682371
45342709 1387010761994682371
45342709 1387010761994682371
454099919 1921951394
454099919 1921951394
454099919 578601744
4541535439 1060440219097423872
4541535439 1060440219097423872
4541535439 832019161454817280
45977763 48074704
45977763 48074704
45977763 48074704
467726691 1060440219097423872
467726691 1060440219097423872
467726691 1060440219097423872
467726691 1060440219097423872
467726691 1060440219097423872
46926921 1387010761994682371
46926921 1387010761994682371
46926921 1387010761994682371
47094621 1387010761994682371
47094621 1387010761994682371
47094621 1387010761994682371
47094621 1387010761994682371
47094621 1387010761994682371
471426839 804582780298412032
471426839 804582780298412032
471426839 804582780298412032
471426839 804582780298412032
471426839 804582780298412032
477934944 1308267623327518725
477934944 1308267623327518725
477934944 578601744
48325671 1263391922657337345
48325671 1263391922657337345
48325671 1263391922657337345
48325671 1263391922657337345
486834536 1921951394
486834536 1921951394
486834536 1921951394
486834536 1921951394
492736486 302984766
492736486 302984766
492736486 302984766
492736486 302984766
492736486 302984766
492736486 302984766
492736486 302984766
492736486 302984766
492736486 302984766
492736486 302984766
492736486 302984766
492736486 302984766
492736486 302984766
492736486 302984766
492736486 302984766
492736486 302984766
492736486 302984766
492736486 302984766
492736486 302984766
492736486 302984766
492736486 302984766
492736486 302984766
492736486 302984766
492736486 302984766
492736486 302984766
499154896 41186732
499154896 41186732
499154896 41186732
499154896 41186732
499154896 41186732
51241574 1060440219097423872
51241574 1387010761994682371
51241574 302984766
51241574 348764745
519897737 41186732
519897737 41186732
519897737 41186732
519897737 41186732
519897737 41186732
523411543 302984766
523411543 302984766
523411543 302984766
523411543 302984766
523411543 302984766
52585436 302984766
52585436 302984766
52585436 302984766
52585436 302984766
52770751 302984766
52770751 302984766
52770751 804582780298412032
532779460 1308267623327518725
532779460 1308267623327518725
532779460 1308267623327518725
54391597 804582780298412032
54391597 804582780298412032
54391597 804582780298412032
54391597 804582780298412032
548384458 1263391922657337345
548384458 3264938916
548384458 3264938916
548384458 426361581
548384458 426361581
558818756 1263391922657337345
558818756 1263391922657337345
558818756 1263391922657337345
558818756 1263391922657337345
558818756 1263391922657337345
58487473 1387010761994682371
58487473 1387010761994682371
58487473 1387010761994682371
58487473 1387010761994682371
58487473 1387010761994682371
58487473 1387010761994682371
58974496 3453306553
58974496 3453306553
58974496 3453306553
58974496 3453306553
603724114 302984766
603724114 302984766
603724114 302984766
603724114 302984766
605153786 1492690652529889282
605153786 1492690652529889282
605153786 578601744
605153786 578601744
60783724 1308267623327518725
60783724 578601744
60783724 578601744
614600545 614600545
614600545 614600545
614600545 614600545
614600545 614600545
614600545 614600545
614600545 614600545
614600545 614600545
614600545 614600545
614600545 614600545
62859096 614600545
62859096 614600545
62859096 614600545
64698201 614600545
64698201 614600545
64698201 614600545
64698201 614600545
64698201 614600545
64698201 614600545
64698201 614600545
64698201 614600545
64698201 614600545
64698201 614600545
67805368 302984766
67805368 302984766
67805368 302984766
67805368 302984766
67805368 804582780298412032
71048726 1308267623327518725
71048726 1308267623327518725
71048726 1308267623327518725
71048726 578601744
71048726 838381908656603144
713752653289955329 1921951394
713752653289955329 1921951394
713752653289955329 940778288871542786
722528529716383744 41186732
722528529716383744 41186732
722528529716383744 41186732
728273994 29447428
728273994 29447428
728273994 29447428
728273994 29447428
728273994 29447428
728273994 29447428
728273994 29447428
728273994 29447428
728273994 29447428
728273994 29447428
728273994 29447428
73397322 578601744
73397322 578601744
73397322 578601744
746417655750373376 578601744
746417655750373376 578601744
746417655750373376 578601744
746652122 578601744
746652122 578601744
746652122 578601744
746652122 578601744
756584190112591872 302984766
756584190112591872 302984766
756584190112591872 302984766
756584190112591872 302984766
756584190112591872 302984766
756584190112591872 302984766
756584190112591872 302984766
756584190112591872 302984766
756584190112591872 302984766
756584190112591872 302984766
756584190112591872 302984766
756584190112591872 302984766
756584190112591872 302984766
756584190112591872 302984766
7587032 1387010761994682371
7587032 199452338
7587032 4757894056
775611351792222208 199452338
775611351792222208 199452338
775611351792222208 199452338
775611351792222208 199452338
7767002 578601744
7767002 578601744
7767002 578601744
7768402 1060440219097423872
7768402 1921951394
7768402 1921951394
785563515897524229 302984766
785563515897524229 302984766
785563515897524229 302984766
793520017 1387010761994682371
793520017 1387010761994682371
793520017 1387010761994682371
793520017 1387010761994682371
79352723 578601744
79352723 578601744
79352723 578601744
799717156589965312 302984766
799717156589965312 804582780298412032
799717156589965312 804582780298412032
799717156589965312 804582780298412032
799717156589965312 804582780298412032
799717156589965312 804582780298412032
799717156589965312 804582780298412032
799911790398373888 1031000589054828544
799911790398373888 2574271742
799911790398373888 2574271742
799911790398373888 2574271742
799911790398373888 2574271742
80040960 1387010761994682371
80040960 1387010761994682371
80040960 1387010761994682371
80040960 1387010761994682371
80040960 1387010761994682371
804582780298412032 804582780298412032
804582780298412032 804582780298412032
804582780298412032 804582780298412032
804582780298412032 804582780298412032
804582780298412032 804582780298412032
804582780298412032 804582780298412032
804582780298412032 804582780298412032
804582780298412032 804582780298412032
804582780298412032 804582780298412032
804582780298412032 804582780298412032
804582780298412032 804582780298412032
804582780298412032 804582780298412032
804582780298412032 804582780298412032
804582780298412032 804582780298412032
804582780298412032 804582780298412032
804582780298412032 804582780298412032
804582780298412032 804582780298412032
804582780298412032 804582780298412032
804582780298412032 804582780298412032
804582780298412032 804582780298412032
807095 1060440219097423872
807095 1154228711731990528
807095 1263391922657337345
807095 1263391922657337345
807095 302984766
807095 578601744
80802900 199452338
80802900 199452338
80802900 199452338
80802900 45379403
813314931147816960 177400353
813314931147816960 177400353
813314931147816960 177400353
816652616625168388 41186732
816652616625168388 41186732
816652616625168388 41186732
816652616625168388 41186732
816652616625168388 41186732
818975124460335106 41186732
818975124460335106 41186732
818975124460335106 41186732
820452522494226433 1276065476041465863
820452522494226433 1308267623327518725
820452522494226433 578601744
832019161454817280 832019161454817280
832019161454817280 832019161454817280
832019161454817280 832019161454817280
832019161454817280 832019161454817280
832019161454817280 832019161454817280
832019161454817280 832019161454817280
832019161454817280 832019161454817280
833988769 302984766
833988769 302984766
833988769 832019161454817280
833988769 832019161454817280
833988769 832019161454817280
834081571493785600 1060440219097423872
834081571493785600 1921951394
834081571493785600 302984766
848148994102611969 1308267623327518725
848148994102611969 1308267623327518725
848148994102611969 1308267623327518725
848148994102611969 940778288871542786
848148994102611969 940778288871542786
848148994102611969 940778288871542786
849376476877266944 18218403
849376476877266944 302984766
849376476877266944 302984766
86626845 1309237180418666499
86626845 1387010761994682371
86626845 1387010761994682371
86626845 578601744
871464343040393218 1387010761994682371
871464343040393218 1387010761994682371
871464343040393218 1387010761994682371
874916178 1308267623327518725
874916178 1921951394
874916178 1921951394
877968869138329601 1309237180418666499
877968869138329601 1309237180418666499
877968869138329601 1309237180418666499
877968869138329601 1309237180418666499
877968869138329601 1309237180418666499
877968869138329601 1309237180418666499
877968869138329601 1309237180418666499
877968869138329601 1309237180418666499
877968869138329601 1309237180418666499
877968869138329601 1309237180418666499
877968869138329601 1309237180418666499
877968869138329601 1309237180418666499
877968869138329601 1309237180418666499
877968869138329601 1309237180418666499
878247600096509952 1308267623327518725
878247600096509952 578601744
878247600096509952 578601744
878247600096509952 614600545
879147821915615233 1060440219097423872
879147821915615233 1060440219097423872
879147821915615233 1060440219097423872
879713479254528005 302984766
879713479254528005 302984766
879713479254528005 302984766
879713479254528005 302984766
879713479254528005 302984766
879713479254528005 302984766
879713479254528005 302984766
879713479254528005 302984766
879713479254528005 302984766
879713479254528005 302984766
879713479254528005 302984766
885891622919184384 302984766
885891622919184384 302984766
885891622919184384 302984766
885891622919184384 302984766
885891622919184384 804582780298412032
889054752230735872 199452338
889054752230735872 199452338
889054752230735872 199452338
889054752230735872 199452338
889054752230735872 199452338
90651198 1417952253449842692
90651198 41186732
90651198 41186732
90651198 41186732
90651198 41186732
90651198 41186732
90651198 41186732
90651198 41186732
90651198 41186732
90651198 41186732
90651198 41186732
90679076 348764745
90679076 348764745
90679076 348764745
90679076 348764745
90732175 302984766
90732175 302984766
90732175 302984766
90732175 302984766
90732175 302984766
90732175 302984766
90732175 302984766
90732175 302984766
90732175 302984766
90732175 302984766
90732175 302984766
90732175 302984766
90732175 302984766
90732175 302984766
90732175 302984766
90732175 302984766
90732175 302984766
90732175 804582780298412032
91583544 1154228711731990528
91583544 156688202
91583544 614600545
919828292387061761 1387010761994682371
919828292387061761 1387010761994682371
919828292387061761 1387010761994682371
923799290 938494109844729856
923799290 938494109844729856
923799290 938494109844729856
935368364 41186732
935368364 41186732
935368364 41186732
938758536938557440 41186732
938758536938557440 41186732
938758536938557440 41186732
938758536938557440 41186732
938758536938557440 41186732
938758536938557440 41186732
938758536938557440 41186732
938758536938557440 41186732
938758536938557440 41186732
940778288871542786 940778288871542786
940778288871542786 940778288871542786
940778288871542786 940778288871542786
940778288871542786 940778288871542786
940778288871542786 940778288871542786
94350709 29447428
94350709 29447428
94350709 29447428
94350709 29447428
94350709 29447428
94350709 29447428
94350709 29447428
94350709 29447428
94350709 29447428
94350709 29447428
94350709 29447428
945762498883588097 578601744
945762498883588097 578601744
945762498883588097 578601744
945762498883588097 578601744
949892499878719488 2574271742
949892499878719488 2574271742
949892499878719488 3453306553
950261179536084992 578601744
950261179536084992 578601744
950261179536084992 578601744
954005058793832448 1263391922657337345
954005058793832448 1263391922657337345
954005058793832448 1263391922657337345
954005058793832448 1263391922657337345
956266072440635392 1492690652529889282
956266072440635392 1492690652529889282
956266072440635392 1492690652529889282
956266072440635392 1492690652529889282
956266072440635392 1492690652529889282
956266072440635392 1492690652529889282
956266072440635392 1492690652529889282
956266072440635392 1492690652529889282
956266072440635392 1492690652529889282
956266072440635392 1492690652529889282
956266072440635392 1492690652529889282
956266072440635392 1492690652529889282
956266072440635392 1492690652529889282
956266072440635392 1492690652529889282
956266072440635392 1492690652529889282
956266072440635392 1492690652529889282
956266072440635392 1492690652529889282
956266072440635392 1492690652529889282
956266072440635392 1492690652529889282
956266072440635392 1492690652529889282
956266072440635392 1492690652529889282
956266072440635392 1492690652529889282
956266072440635392 1492690652529889282
956266072440635392 1492690652529889282
956266072440635392 1492690652529889282
956266072440635392 1492690652529889282
956266072440635392 1492690652529889282
956266072440635392 1492690652529889282
956266072440635392 838381908656603144
96152544 302984766
96152544 302984766
96152544 302984766
96152544 302984766
966695335887241219 1387010761994682371
966695335887241219 1387010761994682371
966695335887241219 1387010761994682371
970994516357472257 1387010761994682371
970994516357472257 1387010761994682371
970994516357472257 1387010761994682371
977204844 302984766
977204844 804582780298412032
977204844 804582780298412032
977204844 804582780298412032
977204844 804582780298412032
977204844 832019161454817280
978758798176382977 302984766
978758798176382977 302984766
978758798176382977 302984766
978758798176382977 302984766
978758798176382977 302984766
978823376 578601744
978823376 578601744
978823376 578601744
983813914596118529 578601744
983813914596118529 578601744
983813914596118529 578601744
983813914596118529 578601744
983813914596118529 578601744
983813914596118529 578601744
